Year         Finland    Sweden    Norway    Denmark     Netherlands

1970          51.3       67.7      56.8      60.3        36.5
1980          69.4       78.0      58.3      78.6        34.8
1990          72.5       80.8      58.5      75.3        24.3
1991          75.4       80.6      58.1      75.8        24.1
1992          78.4       83.3      58.1      75.8        25.2
1993          80.7       83.9      58.0      77.3        25.9
1994          80.3       83.8      57.8      77.5        25.6
1995          80.4       83.1      57.3      77.0        25.7
1996          80.4       82.7      56.3      77.1        25.1
1997          79.5       82.2      55.5      75.3        25.1
1998          78.0       81.3      55.5      75.6        24.5
1999          76.3       80.6      54.5      74.1        24.6
2000          75.0       79.1      53.7      73.3        23.1
2001          74.5       78,0      52.8      72.5        22.5
2002          74.8       78.0      53.0        --        22.4
2003          74.1       78.0      53.3      70.4        22.3
