Year          States       Canada     Australia      Zealand      Japan

1970              23.5        31.0         950.2          55.2     35.1
1980              19.5        34.7          49.5          69.1     31.1
1990              15.5        32.9          40.5          51.0     25.4
1991              15.5          --            --          44.4     24.8
1992              15.1        33.1          39.6          37.1     24.5
1993              15.1        32.8          37.6          34.5     24.3
1994              14.9          --          35.0          30.2     24.3
1995              14.3          --          32.7          27.6     24.0
1996              14.0          --          31.1          24.9     23.4
1997              13.6        28.8          30.3          23.6     22.8
1998              13.4        28.5          28.1          22.3     22.5
1999              13.4        27.9          25.7          21.9     22.2
2000              12.8        28.1          24.7          22.7     21.5
2001              12.8        28.2          24.5          22.6     20.9
2002              12.6        28.2          23.1          22.1     20.3
2003              12.4        28.4          22.9            --     19.7
